48
11 15 1458 45
1669 2989 1930 2008
3224 201 359 86
976 726 666 2035
144 108 161 180
1526 1200 2000 1600
711 711 711 711
3 3 3 3
12 3 92 12
519 2240 5676 1054
174 19 144 250
236 680 538 731
470 627 709 643
252 324 135 351
3450 6994 4600 5750
225 369 34 9210
10 37 46 4774
47 24 45 51
24 42 23 36
12 3 13 5
945 1066 6812 4475
10 8 10 6
24 65 30 18
6346 327 412 2635
37 24 13 14
226 469 2 1096
1105 4642 481 1013
362 1075 378 2405
651 1707 3357 6752
3040 3 4 4
4595 1320 2200 1760
103 272 50 71
45 9 45 18
499 124 812 243
1036 154 47 1436
7240 3256 3157 6023
2343 3648 271 541
12 12 12 12
2 4 2 9
5885 1133 1458 424
4914 722 348 240
1122 125 165 64
416 166 312 520
94 288 384 480
1584 1980 7033 1188
487 137 459 281
2921 2921 2921 2921
13 2654 41 165
